episode,makespan_mean,cost_mean,runtime_sec,steps_mean,upper_reward_mean,lower_reward_mean,total_reward_mean,done_rate
1,1804.1666666666665,2693.0,1.2899119000012433,170.0,-4.606575305767989,-4.606575305767989,-4.606575305767989,1.0
2,2093.0,3003.0,1.411638600000515,176.0,-5.159029315806211,-5.159029315806211,-5.159029315806211,1.0
3,1831.0000000000002,2797.0,1.3095164999995177,170.0,-4.7727676237496315,-4.7727676237496315,-4.7727676237496315,1.0
4,1716.8333333333333,2877.0,1.3476748000011867,172.0,-4.86376845525897,-4.86376845525897,-4.86376845525897,1.0
5,2061.1666666666665,2909.0,1.6152789999996457,173.0,-5.0067455778062335,-5.0067455778062335,-5.0067455778062335,1.0
6,1643.0,2165.0,1.4212947000014537,162.0,-3.7560153634430518,-3.7560153634430518,-3.7560153634430518,1.0
7,2032.1666666666667,2822.0,1.3545850999998947,170.0,-4.865928579989083,-4.865928579989083,-4.865928579989083,1.0
8,1800.8333333333335,2574.0,1.322618300000613,169.0,-4.423892498939742,-4.423892498939742,-4.423892498939742,1.0
9,2121.6666666666665,2665.0,1.608606100000543,166.0,-4.650569886301023,-4.650569886301023,-4.650569886301023,1.0
10,1891.0,3088.0,1.2785182999996323,176.0,-5.23366507130165,-5.23366507130165,-5.23366507130165,1.0
11,1747.1666666666665,2265.0,1.3958371999997325,162.0,-3.937230877233083,-3.937230877233083,-3.937230877233083,1.0
12,1677.1666666666665,2269.0,1.3658532000008563,163.0,-3.9242116894407215,-3.9242116894407215,-3.9242116894407215,1.0
13,1455.0,2060.0,1.2533829000003607,158.0,-3.5442529198370814,-3.5442529198370814,-3.5442529198370814,1.0
14,1495.8333333333333,2096.0,1.3567858999995224,161.0,-3.6104014175360506,-3.6104014175360506,-3.6104014175360506,1.0
15,1681.5,2562.0,1.442181000000346,169.0,-4.37295188414229,-4.37295188414229,-4.37295188414229,1.0
16,2248.0,3141.0,1.2649811999999656,177.0,-5.412181055315596,-5.412181055315596,-5.412181055315596,1.0
17,1747.1666666666665,2658.0,1.302334099998916,169.0,-4.537536376214755,-4.537536376214755,-4.537536376214755,1.0
18,1760.8333333333333,2571.0,1.3723871000001964,165.0,-4.408379061399971,-4.408379061399971,-4.408379061399971,1.0
19,1675.0,2259.0,1.2814103999990039,164.0,-3.9083446470797543,-3.9083446470797543,-3.9083446470797543,1.0
20,1474.1666666666665,2055.0,1.3576623999997537,160.0,-3.541853193519053,-3.541853193519053,-3.541853193519053,1.0
21,1755.0,2732.0,1.557784000000538,172.0,-4.652711644358891,-4.652711644358891,-4.652711644358891,1.0
22,1839.0,2112.0,1.5242317000011099,163.0,-3.7286198020926116,-3.7286198020926116,-3.7286198020926116,1.0
23,1347.1666666666665,1980.0,1.4061594999984663,160.0,-3.3925853002060413,-3.3925853002060413,-3.3925853002060413,1.0
24,1934.6666666666665,2597.0,1.4838425000016287,167.0,-4.495598028124386,-4.495598028124386,-4.495598028124386,1.0
25,1693.0,2000.0,1.4710937999989255,160.0,-3.5176423945836497,-3.5176423945836497,-3.5176423945836497,1.0
26,1624.1666666666665,2615.0,1.6483418999996502,171.0,-4.438241415250425,-4.438241415250425,-4.438241415250425,1.0
27,1606.0,2427.0,1.4897220999991987,168.0,-4.146107898077215,-4.146107898077215,-4.146107898077215,1.0
28,1428.0,1934.0,1.4884242999996786,161.0,-3.3444101682350085,-3.3444101682350085,-3.3444101682350085,1.0
29,1471.1666666666665,1767.0,1.4989783000000898,155.0,-3.101114838453059,-3.101114838453059,-3.101114838453059,1.0
30,1438.8333333333333,1757.0,1.4749683999998524,156.0,-3.077004035844323,-3.077004035844323,-3.077004035844323,1.0
31,2434.0,3559.0,1.7474796999995306,184.0,-6.101502857594471,-6.101502857594471,-6.101502857594471,1.0
32,1497.0,2239.0,1.5149406000000454,163.0,-3.829152008887241,-3.829152008887241,-3.829152008887241,1.0
33,1540.8333333333333,1835.0,1.4355596999994304,156.0,-3.224022568373183,-3.224022568373183,-3.224022568373183,1.0
34,1552.3333333333333,2032.0,1.4345755999984249,160.0,-3.528081714252426,-3.528081714252426,-3.528081714252426,1.0
35,1476.1666666666665,2066.0,1.4737444999991567,162.0,-3.5592021851516398,-3.5592021851516398,-3.5592021851516398,1.0
36,1780.1666666666665,2182.0,1.4711542000004556,161.0,-3.8194668359121486,-3.8194668359121486,-3.8194668359121486,1.0
37,1522.1666666666665,1996.0,1.4204360999992787,159.0,-3.4648481373040494,-3.4648481373040494,-3.4648481373040494,1.0
38,1734.0,2533.0,1.5623899000001984,169.0,-4.343001407369452,-4.343001407369452,-4.343001407369452,1.0
39,1538.8333333333333,2034.0,1.4314916000002995,154.0,-3.527447507494159,-3.527447507494159,-3.527447507494159,1.0
40,1504.5,2428.0,1.4614038999989134,163.0,-4.119898100218212,-4.119898100218212,-4.119898100218212,1.0
41,1604.3333333333335,2197.0,1.5107427000002644,165.0,-3.7943286127893625,-3.7943286127893625,-3.7943286127893625,1.0
42,1453.5000000000002,1886.0,1.4542307000010624,160.0,-3.2780588950535785,-3.2780588950535785,-3.2780588950535785,1.0
43,1578.5000000000002,2170.0,1.4102978999999323,162.0,-3.7460266765710655,-3.7460266765710655,-3.7460266765710655,1.0
44,1663.0,2399.0,1.243573899999319,166.0,-4.11891464840438,-4.11891464840438,-4.11891464840438,1.0
45,1563.0,2069.0,1.3639020000009623,162.0,-3.587513946611978,-3.587513946611978,-3.587513946611978,1.0
46,2033.1666666666665,3087.0,1.5093686000000162,176.0,-5.270988004522283,-5.270988004522283,-5.270988004522283,1.0
47,1601.1666666666665,2614.0,1.3177665999992314,169.0,-4.4304286224736105,-4.4304286224736105,-4.4304286224736105,1.0
48,1640.0,1634.0,1.2106956000006903,155.0,-2.9440957456479344,-2.9440957456479344,-2.9440957456479344,1.0
49,1327.6666666666667,1718.0,1.1891417000006186,155.0,-2.9870527947210843,-2.9870527947210843,-2.9870527947210843,1.0
50,1462.3333333333335,1853.0,1.0771568000000116,157.0,-3.2300654818246004,-3.2300654818246004,-3.2300654818246004,1.0
51,1741.6666666666667,2173.0,1.1687994999992952,160.0,-3.795198339652831,-3.795198339652831,-3.795198339652831,1.0
52,1774.1666666666665,2396.0,1.348181499999555,168.0,-4.144711103376907,-4.144711103376907,-4.144711103376907,1.0
53,1643.0,1994.0,1.2808303000001615,159.0,-3.494813734115146,-3.494813734115146,-3.494813734115146,1.0
54,1359.3333333333333,1679.0,1.4054015000001527,154.0,-2.936134164273742,-2.936134164273742,-2.936134164273742,1.0
55,1286.0,1664.0,1.3304012000007788,156.0,-2.8931816604881675,-2.8931816604881675,-2.8931816604881675,1.0
56,1440.6666666666667,1841.0,1.358955399999104,159.0,-3.2058146101497575,-3.2058146101497575,-3.2058146101497575,1.0
57,1411.5,1292.0,1.1440586999997322,150.0,-2.35924941903804,-2.35924941903804,-2.35924941903804,1.0
58,1707.0,2182.0,1.1205425999996805,165.0,-3.799472301388559,-3.799472301388559,-3.799472301388559,1.0
59,1917.8333333333335,2769.0,1.1545210999993287,173.0,-4.753727043051111,-4.753727043051111,-4.753727043051111,1.0
60,1514.1666666666665,1857.0,1.2207582000010007,157.0,-3.2503401544804116,-3.2503401544804116,-3.2503401544804116,1.0
61,1904.1666666666665,2174.0,1.27841399999852,160.0,-3.841132830370983,-3.841132830370983,-3.841132830370983,1.0
62,1583.0,2168.0,1.204892400000972,160.0,-3.7442014189460195,-3.7442014189460195,-3.7442014189460195,1.0
63,1484.6666666666665,1905.0,1.1216874000001553,157.0,-3.31559833238037,-3.31559833238037,-3.31559833238037,1.0
64,1251.0,1660.0,1.2532300999992003,157.0,-2.877507097141886,-2.877507097141886,-2.877507097141886,1.0
65,1560.1666666666665,1585.0,1.1040693000013562,154.0,-2.8474321351460556,-2.8474321351460556,-2.8474321351460556,1.0
66,1604.1666666666665,1834.0,1.2127459000003,158.0,-3.239802415421474,-3.239802415421474,-3.239802415421474,1.0
67,1563.1666666666665,1479.0,1.2457231000007596,152.0,-2.6863374963220275,-2.6863374963220275,-2.6863374963220275,1.0
68,1334.8333333333335,1557.0,1.1087581000010687,154.0,-2.7430845768559906,-2.7430845768559906,-2.7430845768559906,1.0
69,1539.1666666666665,2240.0,1.14380170000004,162.0,-3.8422025498877788,-3.8422025498877788,-3.8422025498877788,1.0
70,1692.9999999999998,1884.0,1.1445920000005572,158.0,-3.3404529852150158,-3.3404529852150158,-3.3404529852150158,1.0
71,1383.0,1559.0,1.114592799998718,151.0,-2.759302255687081,-2.759302255687081,-2.759302255687081,1.0
72,1467.3333333333333,1810.0,1.169877099999212,159.0,-3.165749569867379,-3.165749569867379,-3.165749569867379,1.0
73,1320.0,1462.0,1.1851660999982414,153.0,-2.5939189988939173,-2.5939189988939173,-2.5939189988939173,1.0
74,1397.5,1769.0,1.0647721000004822,156.0,-3.0840386568359817,-3.0840386568359817,-3.0840386568359817,1.0
75,1683.9999999999998,1899.0,1.099666600001001,156.0,-3.3609059444569573,-3.3609059444569573,-3.3609059444569573,1.0
76,2139.333333333333,2383.0,1.1721777000002476,166.0,-4.224644159639404,-4.224644159639404,-4.224644159639404,1.0
77,1691.5,1873.0,1.136555799999769,155.0,-3.32324063049261,-3.32324063049261,-3.32324063049261,1.0
78,1382.5,1522.0,1.180462099999204,153.0,-2.7026483071679386,-2.7026483071679386,-2.7026483071679386,1.0
79,1353.1666666666667,1674.0,1.1843304999983957,154.0,-2.926811501173054,-2.926811501173054,-2.926811501173054,1.0
80,1450.0,1828.0,1.204885799999829,158.0,-3.1885077319979693,-3.1885077319979693,-3.1885077319979693,1.0
81,1471.8333333333335,1908.0,1.1863799000002473,158.0,-3.3166738030773635,-3.3166738030773635,-3.3166738030773635,1.0
82,1168.0,1408.0,1.1059597000003123,153.0,-2.4698966531470643,-2.4698966531470643,-2.4698966531470643,1.0
83,1551.0,1849.0,1.0543314999995346,158.0,-3.248185780930497,-3.248185780930497,-3.248185780930497,1.0
84,1332.0,1151.0,1.0617672000007587,148.0,-2.1221473682413885,-2.1221473682413885,-2.1221473682413885,1.0
85,1467.1666666666665,1313.0,1.1614055999998527,147.0,-2.406539054780548,-2.406539054780548,-2.406539054780548,1.0
86,1203.1666666666665,1229.0,1.1157669000003807,149.0,-2.2060851939019686,-2.2060851939019686,-2.2060851939019686,1.0
87,1558.1666666666665,1840.0,1.1687055000002147,153.0,-3.2363967891346475,-3.2363967891346475,-3.2363967891346475,1.0
88,1583.3333333333333,1934.0,1.2515749000012875,159.0,-3.386858701665504,-3.386858701665504,-3.386858701665504,1.0
89,1555.8333333333333,1755.0,1.2079035000006115,157.0,-3.1059220830106806,-3.1059220830106806,-3.1059220830106806,1.0
90,1488.6666666666665,2015.0,1.274579499999163,163.0,-3.484715867580374,-3.484715867580374,-3.484715867580374,1.0
91,1206.1666666666665,1376.0,1.1722009999994043,152.0,-2.431446766890568,-2.431446766890568,-2.431446766890568,1.0
92,1175.6666666666665,1456.0,1.185840800000733,152.0,-2.545311508037367,-2.545311508037367,-2.545311508037367,1.0
93,1370.1666666666665,1435.0,1.1603771999998571,152.0,-2.5663858730235884,-2.5663858730235884,-2.5663858730235884,1.0
94,1544.1666666666665,1926.0,1.0593289999997069,158.0,-3.3639355177676222,-3.3639355177676222,-3.3639355177676222,1.0
95,1259.0,1184.0,0.9966703999998572,148.0,-2.152605711330084,-2.152605711330084,-2.152605711330084,1.0
96,1273.6666666666667,1423.0,1.0954670999999507,150.0,-2.521685010457873,-2.521685010457873,-2.521685010457873,1.0
97,1289.0,1660.0,1.2264735000007931,156.0,-2.8878915023158704,-2.8878915023158704,-2.8878915023158704,1.0
98,1415.8333333333335,1856.0,1.127171800000724,158.0,-3.221940733902539,-3.221940733902539,-3.221940733902539,1.0
99,1380.1666666666665,1643.0,1.135736199999883,154.0,-2.886837552164131,-2.886837552164131,-2.886837552164131,1.0
100,1286.1666666666665,1611.0,1.1133601000001363,154.0,-2.8122699759823284,-2.8122699759823284,-2.8122699759823284,1.0
101,1305.0,1321.0,1.1423536999991484,147.0,-2.3744431095110046,-2.3744431095110046,-2.3744431095110046,1.0
102,1369.1666666666665,1409.0,1.2147584000013012,152.0,-2.526397731586111,-2.526397731586111,-2.526397731586111,1.0
103,1553.1666666666667,1861.0,1.2165409999997792,155.0,-3.2671078131081637,-3.2671078131081637,-3.2671078131081637,1.0
104,1330.8333333333333,1639.0,1.2505156000006536,154.0,-2.8672460640592425,-2.8672460640592425,-2.8672460640592425,1.0
105,1371.3333333333335,1686.0,1.2464005000001634,156.0,-2.9501059144766115,-2.9501059144766115,-2.9501059144766115,1.0
106,1138.5,1358.0,1.1944440999996004,150.0,-2.385460330028693,-2.385460330028693,-2.385460330028693,1.0
107,1302.3333333333333,1665.0,1.082095700001446,155.0,-2.899172627795862,-2.899172627795862,-2.899172627795862,1.0
108,1288.8333333333335,1704.0,1.039887799999633,156.0,-2.955055732646556,-2.955055732646556,-2.955055732646556,1.0
109,1371.5,1430.0,1.0188300999998319,149.0,-2.5591127635756608,-2.5591127635756608,-2.5591127635756608,1.0
110,1426.3333333333333,1548.0,1.1333929000011267,156.0,-2.7543416772445086,-2.7543416772445086,-2.7543416772445086,1.0
111,1221.8333333333335,1270.0,1.2388940999990155,148.0,-2.2738135964578667,-2.2738135964578667,-2.2738135964578667,1.0
112,1231.3333333333333,1492.0,0.9782457999990584,150.0,-2.6155135674051317,-2.6155135674051317,-2.6155135674051317,1.0
113,1154.8333333333335,1150.0,1.0398506000001362,148.0,-2.072204861491173,-2.072204861491173,-2.072204861491173,1.0
114,1112.0,992.0,1.0502207999998063,143.0,-1.8191554373327294,-1.8191554373327294,-1.8191554373327294,1.0
115,1222.0,1333.0,1.1155572999996366,150.0,-2.370091321320664,-2.370091321320664,-2.370091321320664,1.0
116,1260.1666666666665,1441.0,1.1761057000003348,154.0,-2.545490722233209,-2.545490722233209,-2.545490722233209,1.0
117,1241.0,1511.0,0.9740194000005431,154.0,-2.647177617594011,-2.647177617594011,-2.647177617594011,1.0
118,1280.8333333333333,1204.0,0.9831561999999394,148.0,-2.1891220879084594,-2.1891220879084594,-2.1891220879084594,1.0
119,1102.3333333333335,1187.0,1.0305244999999559,148.0,-2.1143752975308145,-2.1143752975308145,-2.1143752975308145,1.0
120,1456.8333333333333,1422.0,1.089861500000552,152.0,-2.5702121703135945,-2.5702121703135945,-2.5702121703135945,1.0
121,1317.1666666666665,1487.0,1.1184246000011626,152.0,-2.631332095778301,-2.631332095778301,-2.631332095778301,1.0
122,1412.0,1282.0,1.127320100000361,150.0,-2.344111106864721,-2.344111106864721,-2.344111106864721,1.0
123,1167.8333333333335,1206.0,1.1596004999992147,148.0,-2.1612971360235753,-2.1612971360235753,-2.1612971360235753,1.0
124,1427.5,1392.0,1.1319588000005751,152.0,-2.5163712909989595,-2.5163712909989595,-2.5163712909989595,1.0
125,1077.5,1059.0,1.0083603000002768,146.0,-1.9120696493895037,-1.9120696493895037,-1.9120696493895037,1.0
126,1230.3333333333335,1286.0,1.0075447999988683,149.0,-2.300576342464599,-2.300576342464599,-2.300576342464599,1.0
127,1144.6666666666667,1126.0,1.0831312999998772,146.0,-2.032766699850357,-2.032766699850357,-2.032766699850357,1.0
128,1571.0,1432.0,1.1986821999998938,149.0,-2.6166858805557807,-2.6166858805557807,-2.6166858805557807,1.0
129,1533.0,1727.0,1.100525400001061,157.0,-3.0569124733451347,-3.0569124733451347,-3.0569124733451347,1.0
130,1105.1666666666665,977.0,1.0571878999999171,145.0,-1.794375642601627,-1.794375642601627,-1.794375642601627,1.0
131,1454.0,1543.0,1.2060698000004777,150.0,-2.754264778399607,-2.754264778399607,-2.754264778399607,1.0
132,1089.3333333333335,1230.0,1.0253715999988344,148.0,-2.176505018925094,-2.176505018925094,-2.176505018925094,1.0
133,1137.6666666666667,1070.0,1.0419727999997122,147.0,-1.9453140682401653,-1.9453140682401653,-1.9453140682401653,1.0
134,1226.0,1434.0,1.1966066000004503,151.0,-2.5254614023455164,-2.5254614023455164,-2.5254614023455164,1.0
135,1270.0,1146.0,1.19997340000009,149.0,-2.09756691683682,-2.09756691683682,-2.09756691683682,1.0
136,1501.3333333333333,1238.0,1.196261200000663,149.0,-2.301313792183516,-2.301313792183516,-2.301313792183516,1.0
137,1176.1666666666665,953.0,1.0645901999996568,144.0,-1.7771182060473487,-1.7771182060473487,-1.7771182060473487,1.0
138,1166.1666666666667,928.0,1.0819888000005449,141.0,-1.7361980951349099,-1.7361980951349099,-1.7361980951349099,1.0
139,1129.5,890.0,1.0521399999997811,144.0,-1.6681332485374376,-1.6681332485374376,-1.6681332485374376,1.0
140,1186.6666666666667,1038.0,1.1275464999998803,145.0,-1.9098246483709886,-1.9098246483709886,-1.9098246483709886,1.0
141,1254.0,1135.0,1.1046449999994365,148.0,-2.0763920917190792,-2.0763920917190792,-2.0763920917190792,1.0
142,1309.0,1179.0,1.1568272000004072,149.0,-2.1586319278067343,-2.1586319278067343,-2.1586319278067343,1.0
143,1166.3333333333333,915.0,1.1114976000008028,144.0,-1.7163862069630837,-1.7163862069630837,-1.7163862069630837,1.0
144,1538.1666666666665,1306.0,1.121138799999244,147.0,-2.415249031668224,-2.415249031668224,-2.415249031668224,1.0
145,1227.1666666666665,1008.0,1.0345064999983151,143.0,-1.8750673908453828,-1.8750673908453828,-1.8750673908453828,1.0
146,1199.5,1227.0,1.3229874999997264,146.0,-2.202028200077252,-2.202028200077252,-2.202028200077252,1.0
147,1407.8333333333333,1320.0,1.1646459000003233,151.0,-2.40101727246383,-2.40101727246383,-2.40101727246383,1.0
148,1216.0,847.0,0.9925176999986434,143.0,-1.6260891529402068,-1.6260891529402068,-1.6260891529402068,1.0
149,1356.0,1466.0,1.1131827999997768,153.0,-2.609866836060568,-2.609866836060568,-2.609866836060568,1.0
150,1310.0,1143.0,1.0646424000005936,145.0,-2.1039153849264904,-2.1039153849264904,-2.1039153849264904,1.0
151,1074.0,775.0,1.0883995999993203,142.0,-1.4773046370467282,-1.4773046370467282,-1.4773046370467282,1.0
152,1458.1666666666665,1386.0,1.1913322000000335,151.0,-2.5155867187068077,-2.5155867187068077,-2.5155867187068077,1.0
153,1364.5,1263.0,1.0686246999994182,150.0,-2.3021081971385833,-2.3021081971385833,-2.3021081971385833,1.0
154,1208.6666666666667,1164.0,1.0046019999990676,146.0,-2.108301030871223,-2.108301030871223,-2.108301030871223,1.0
155,1021.6666666666667,1010.0,1.0455780000011146,146.0,-1.8219646105764575,-1.8219646105764575,-1.8219646105764575,1.0
156,1114.1666666666665,958.0,1.1085120999996434,144.0,-1.7678127037262823,-1.7678127037262823,-1.7678127037262823,1.0
157,1137.3333333333335,1039.0,1.1217429999996966,147.0,-1.8978706348078496,-1.8978706348078496,-1.8978706348078496,1.0
158,1409.6666666666667,1205.0,1.1328656999994564,148.0,-2.225856360007554,-2.225856360007554,-2.225856360007554,1.0
159,1190.0,1072.0,1.1266101000001072,146.0,-1.962670387989459,-1.962670387989459,-1.962670387989459,1.0
160,1224.0,921.0,1.1544398000005458,145.0,-1.741309966721074,-1.741309966721074,-1.741309966721074,1.0
161,1322.5,1425.0,1.2074127999985649,150.0,-2.5380848718358773,-2.5380848718358773,-2.5380848718358773,1.0
162,1124.3333333333335,1031.0,1.1538289999989502,145.0,-1.8820981158762629,-1.8820981158762629,-1.8820981158762629,1.0
163,1275.6666666666665,1145.0,1.149478100000124,144.0,-2.0975879735772223,-2.0975879735772223,-2.0975879735772223,1.0
164,1032.3333333333335,961.0,1.1155112999986159,144.0,-1.7500322808178839,-1.7500322808178839,-1.7500322808178839,1.0
165,1447.0,910.0,1.1182980000012321,143.0,-1.7854475846712865,-1.7854475846712865,-1.7854475846712865,1.0
166,1257.1666666666665,959.0,1.1419393999985914,144.0,-1.808418354947259,-1.808418354947259,-1.808418354947259,1.0
167,1256.5,1092.0,1.2072380999998131,146.0,-2.011392995210936,-2.011392995210936,-2.011392995210936,1.0
168,1415.0,1083.0,1.1954339000003529,147.0,-2.0409594415641137,-2.0409594415641137,-2.0409594415641137,1.0
169,1008.3333333333333,606.0,1.1218721000004734,139.0,-1.2012130166646942,-1.2012130166646942,-1.2012130166646942,1.0
170,1311.5,809.0,1.1526713000002928,143.0,-1.594141996268041,-1.594141996268041,-1.594141996268041,1.0
171,1508.1666666666665,882.0,1.1634078000006411,144.0,-1.7593929759166556,-1.7593929759166556,-1.7593929759166556,1.0
172,1049.1666666666665,711.0,1.2184101000002556,141.0,-1.3727586630398367,-1.3727586630398367,-1.3727586630398367,1.0
173,1127.0,851.0,0.9644585999994888,143.0,-1.6078777625608554,-1.6078777625608554,-1.6078777625608554,1.0
174,1134.5,838.0,0.9542452999994566,143.0,-1.5900698824050623,-1.5900698824050623,-1.5900698824050623,1.0
175,1331.1666666666665,955.0,0.9937222999997175,144.0,-1.8225306380210893,-1.8225306380210893,-1.8225306380210893,1.0
176,1380.3333333333335,1065.0,0.9981994999998278,145.0,-2.003991040774384,-2.003991040774384,-2.003991040774384,1.0
177,1426.1666666666665,757.0,1.0318506000003254,142.0,-1.5460476591026895,-1.5460476591026895,-1.5460476591026895,1.0
178,1235.1666666666665,1025.0,1.200256799998897,144.0,-1.9032209948502832,-1.9032209948502832,-1.9032209948502832,1.0
179,961.6666666666667,569.0,1.0225270999999339,139.0,-1.1319429267718923,-1.1319429267718923,-1.1319429267718923,1.0
180,1004.5,787.0,1.045756400000755,142.0,-1.476642045431355,-1.476642045431355,-1.476642045431355,1.0
181,1130.1666666666665,1128.0,1.0309932000000117,149.0,-2.0318592192717224,-2.0318592192717224,-2.0318592192717224,1.0
182,1093.0,816.0,1.006731099998433,143.0,-1.5451241308760835,-1.5451241308760835,-1.5451241308760835,1.0
183,1070.1666666666665,1034.0,1.0735482999989472,147.0,-1.8718782686647144,-1.8718782686647144,-1.8718782686647144,1.0
184,1192.8333333333335,828.0,1.127553500000431,143.0,-1.590735906176359,-1.590735906176359,-1.590735906176359,1.0
185,1461.1666666666665,795.0,0.9953996000003826,142.0,-1.613657049332881,-1.613657049332881,-1.613657049332881,1.0
186,1363.0,931.0,1.2795852000017476,144.0,-1.7945699768357297,-1.7945699768357297,-1.7945699768357297,1.0
187,1150.1666666666665,831.0,1.0271878000003198,141.0,-1.5836587078990432,-1.5836587078990432,-1.5836587078990432,1.0
188,1332.6666666666665,907.0,1.1306465000016033,143.0,-1.7496207931508265,-1.7496207931508265,-1.7496207931508265,1.0
189,1187.1666666666665,709.0,1.0032088999996631,140.0,-1.4074154604339209,-1.4074154604339209,-1.4074154604339209,1.0
190,1337.1666666666665,697.0,1.1411253999995097,141.0,-1.4300765945889184,-1.4300765945889184,-1.4300765945889184,1.0
191,1229.1666666666665,727.0,1.1401183999987552,142.0,-1.446387869239683,-1.446387869239683,-1.446387869239683,1.0
192,1030.3333333333335,773.0,1.1495586000000912,143.0,-1.4623166904072924,-1.4623166904072924,-1.4623166904072924,1.0
193,964.1666666666666,496.0,1.000657800001136,138.0,-1.0211189830132401,-1.0211189830132401,-1.0211189830132401,1.0
194,1184.1666666666667,772.0,1.1853618000004644,142.0,-1.502827818198887,-1.502827818198887,-1.502827818198887,1.0
195,988.6666666666667,682.0,1.0366605999988678,139.0,-1.3119282445654132,-1.3119282445654132,-1.3119282445654132,1.0
196,1155.1666666666665,691.0,1.0783804999991844,141.0,-1.3711757898318393,-1.3711757898318393,-1.3711757898318393,1.0
197,1098.1666666666667,870.0,1.0094964999989315,143.0,-1.629020770665568,-1.629020770665568,-1.629020770665568,1.0
198,1436.5,951.0,1.1180793999992602,144.0,-1.8452055007997856,-1.8452055007997856,-1.8452055007997856,1.0
199,1403.5,697.0,1.020883600000161,141.0,-1.4482037580066638,-1.4482037580066638,-1.4482037580066638,1.0
200,1005.6666666666667,646.0,1.2334945000002335,139.0,-1.2615840828110576,-1.2615840828110576,-1.2615840828110576,1.0
201,1432.5,834.0,1.0192286999990756,143.0,-1.6653955012413275,-1.6653955012413275,-1.6653955012413275,1.0
202,1269.6666666666665,660.0,1.0089138000003004,140.0,-1.3551133001051172,-1.3551133001051172,-1.3551133001051172,1.0
203,1025.1666666666665,641.0,1.0040318999999727,140.0,-1.259275447766483,-1.259275447766483,-1.259275447766483,1.0
204,1503.5,931.0,1.0695452999989357,145.0,-1.8329649485974353,-1.8329649485974353,-1.8329649485974353,1.0
205,1460.5,876.0,1.125534200000402,144.0,-1.7372019543623451,-1.7372019543623451,-1.7372019543623451,1.0
206,1264.3333333333335,846.0,1.1179160000010597,143.0,-1.6377698926829771,-1.6377698926829771,-1.6377698926829771,1.0
207,1146.0,875.0,1.1100012000006245,144.0,-1.6497298429482552,-1.6497298429482552,-1.6497298429482552,1.0
208,1354.5,757.0,0.9960718000002089,142.0,-1.526463035309649,-1.526463035309649,-1.526463035309649,1.0
209,1416.5,697.0,0.9842489999991813,141.0,-1.4517563176714474,-1.4517563176714474,-1.4517563176714474,1.0
210,1284.3333333333335,730.0,1.0019788999998127,142.0,-1.4660459597217022,-1.4660459597217022,-1.4660459597217022,1.0
211,1414.5,697.0,1.336623099999997,141.0,-1.4512097700307116,-1.4512097700307116,-1.4512097700307116,1.0
212,1449.5,824.0,1.1294895999999426,143.0,-1.654766207104081,-1.654766207104081,-1.654766207104081,1.0
213,1405.5,1058.0,1.1443025000007765,146.0,-2.0001759675618596,-2.0001759675618596,-2.0001759675618596,1.0
214,1414.5,697.0,1.1234009999989212,141.0,-1.4512097700307112,-1.4512097700307112,-1.4512097700307112,1.0
215,1230.3333333333335,808.0,1.1178240999997797,143.0,-1.5704337762731537,-1.5704337762731537,-1.5704337762731537,1.0
216,1381.5,697.0,1.1632953000007547,141.0,-1.442191733958567,-1.442191733958567,-1.442191733958567,1.0
217,1435.5,804.0,1.1790707000000111,143.0,-1.620390475451923,-1.620390475451923,-1.620390475451923,1.0
218,1018.3333333333333,496.0,1.0981453000003967,138.0,-1.035921314949841,-1.035921314949841,-1.035921314949841,1.0
219,1415.5,697.0,1.1474582000009832,141.0,-1.4514830438510795,-1.4514830438510795,-1.4514830438510795,1.0
220,1350.3333333333333,846.0,1.1490652000011323,143.0,-1.6612714412346268,-1.6612714412346268,-1.6612714412346268,1.0
221,1064.0,681.0,1.1201813999996375,141.0,-1.3309873774581198,-1.3309873774581198,-1.3309873774581198,1.0
222,1435.5,807.0,1.1776908000010735,143.0,-1.6249729601769738,-1.6249729601769738,-1.6249729601769738,1.0
223,1416.5,697.0,1.1389034999992873,141.0,-1.4517563176714474,-1.4517563176714474,-1.4517563176714474,1.0
224,1447.5,824.0,1.2207581000002392,143.0,-1.654219659463345,-1.654219659463345,-1.654219659463345,1.0
225,1403.5,697.0,1.161903500000335,141.0,-1.4482037580066638,-1.4482037580066638,-1.4482037580066638,1.0
226,1354.1666666666665,757.0,1.2011396000016248,142.0,-1.5263719440361931,-1.5263719440361931,-1.5263719440361931,1.0
227,1548.5,974.0,1.1110424999988027,145.0,-1.910944551573059,-1.910944551573059,-1.910944551573059,1.0
228,1124.5,807.0,1.103973199999018,143.0,-1.5399848020425226,-1.5399848020425226,-1.5399848020425226,1.0
229,1410.5,697.0,1.1152983000010863,141.0,-1.450116674749239,-1.450116674749239,-1.450116674749239,1.0
230,1446.0,755.0,1.1397749000007025,142.0,-1.548412600056621,-1.548412600056621,-1.548412600056621,1.0
231,1472.5,856.0,1.1271207000008872,144.0,-1.7099313420397555,-1.7099313420397555,-1.7099313420397555,1.0
232,1022.1666666666666,773.0,1.2737925999990694,142.0,-1.4600849542076193,-1.4600849542076193,-1.4600849542076193,1.0
233,1132.6666666666667,583.0,1.2945888999984163,139.0,-1.2000576787717263,-1.2000576787717263,-1.2000576787717263,1.0
234,1015.1666666666666,709.0,1.146930600001724,140.0,-1.3604123633306229,-1.3604123633306229,-1.3604123633306229,1.0
235,1414.5,697.0,1.045298200000616,141.0,-1.4512097700307116,-1.4512097700307116,-1.4512097700307116,1.0
236,1355.5,807.0,1.0715439000014158,142.0,-1.603111054547533,-1.603111054547533,-1.603111054547533,1.0
237,1070.1666666666665,761.0,1.0531179000008706,141.0,-1.4548721586850801,-1.4548721586850801,-1.4548721586850801,1.0
238,1096.0,1024.0,1.26655430000028,147.0,-1.8636628932740509,-1.8636628932740509,-1.8636628932740509,1.0
239,1371.5,757.0,1.1285483999999997,141.0,-1.5311086902559048,-1.5311086902559048,-1.5311086902559048,1.0
240,1356.5,697.0,1.2613681999991968,141.0,-1.4353598884493672,-1.4353598884493672,-1.4353598884493672,1.0
241,953.6666666666667,623.0,0.9661186000012094,140.0,-1.212241461259865,-1.212241461259865,-1.212241461259865,1.0
242,1405.5,697.0,1.0927498999990348,140.0,-1.4487503056474,-1.4487503056474,-1.4487503056474,1.0
243,1414.5,697.0,1.3745935999995709,141.0,-1.4512097700307112,-1.4512097700307112,-1.4512097700307112,1.0
244,1199.3333333333335,533.0,1.4056577000010293,139.0,-1.1419011880454117,-1.1419011880454117,-1.1419011880454117,1.0
245,1243.1666666666665,883.0,1.2778663999997661,144.0,-1.6885029084274827,-1.6885029084274827,-1.6885029084274827,1.0
246,1435.0,755.0,1.3449445000005653,142.0,-1.5454065880325738,-1.5454065880325738,-1.5454065880325738,1.0
247,1464.5,931.0,1.0808661000010034,145.0,-1.8223072696030833,-1.8223072696030833,-1.8223072696030833,1.0
248,1067.1666666666665,722.0,1.292507599999226,141.0,-1.3944800357983138,-1.3944800357983138,-1.3944800357983138,1.0
249,1412.5,824.0,1.0035133999990649,142.0,-1.644655075750464,-1.644655075750464,-1.644655075750464,1.0
250,1380.5,810.0,1.5606865999998263,143.0,-1.6145253847817838,-1.6145253847817838,-1.6145253847817838,1.0
251,1003.0,448.0,1.028305600000749,137.0,-0.9584113607700496,-0.9584113607700496,-0.9584113607700496,1.0
252,1350.4999999999998,757.0,1.124848800000109,142.0,-1.5253699400281777,-1.5253699400281777,-1.5253699400281777,1.0
253,1206.1666666666665,582.0,1.010162999999011,139.0,-1.218615809660425,-1.218615809660425,-1.218615809660425,1.0
254,1415.5,884.0,1.5159005999994406,144.0,-1.7371245917125866,-1.7371245917125866,-1.7371245917125866,1.0
255,1429.1666666666665,807.0,1.4006104999989475,143.0,-1.623242225981309,-1.623242225981309,-1.623242225981309,1.0
256,1416.5,697.0,1.0024923000000854,141.0,-1.4517563176714474,-1.4517563176714474,-1.4517563176714474,1.0
257,951.6666666666667,485.0,0.997261400001662,138.0,-1.0009006162667862,-1.0009006162667862,-1.0009006162667862,1.0
258,1434.5,824.0,1.0234223999996175,143.0,-1.6506670997985609,-1.6506670997985609,-1.6506670997985609,1.0
259,1302.0,697.0,1.0812347999999474,141.0,-1.42046646523931,-1.42046646523931,-1.42046646523931,1.0
260,949.6666666666667,646.0,1.4449251999994885,140.0,-1.24628074887045,-1.24628074887045,-1.24628074887045,1.0
261,1426.1666666666665,804.0,1.0190242000007856,143.0,-1.617839919795154,-1.617839919795154,-1.617839919795154,1.0
262,1332.1666666666665,718.0,1.0660005000008823,141.0,-1.4607876185624353,-1.4607876185624353,-1.4607876185624353,1.0
263,1154.1666666666665,772.0,1.3565720000005967,142.0,-1.4946296035878468,-1.4946296035878468,-1.4946296035878468,1.0
264,1509.5,931.0,1.1080058999996254,145.0,-1.8346045915196434,-1.8346045915196434,-1.8346045915196434,1.0
265,1418.5,824.0,1.226449899999352,143.0,-1.6462947186726722,-1.6462947186726722,-1.6462947186726722,1.0
266,1449.1666666666665,882.0,1.190929899999901,144.0,-1.743269820514942,-1.743269820514942,-1.743269820514942,1.0
267,1424.5,807.0,1.1183106999997108,143.0,-1.6219669481529244,-1.6219669481529244,-1.6219669481529244,1.0
268,1470.5,824.0,1.1620415000015782,143.0,-1.660504957331809,-1.660504957331809,-1.660504957331809,1.0
269,1157.0,787.0,1.1498575000005076,142.0,-1.5183163030374764,-1.5183163030374764,-1.5183163030374764,1.0
270,1318.3333333333335,747.0,1.1753508000001602,142.0,-1.50130468305617,-1.50130468305617,-1.50130468305617,1.0
271,1449.5,824.0,1.169322399999146,143.0,-1.6547662071040794,-1.6547662071040794,-1.6547662071040794,1.0
272,1375.0,660.0,1.1158737000005203,139.0,-1.3838981425172134,-1.3838981425172134,-1.3838981425172134,1.0
273,1134.6666666666665,724.0,1.117693899999722,141.0,-1.4159810084898554,-1.4159810084898554,-1.4159810084898554,1.0
274,1421.5,824.0,1.131524200000058,142.0,-1.6471145401337768,-1.6471145401337768,-1.6471145401337768,1.0
275,1472.5,697.0,1.1489318999992975,141.0,-1.4670596516120562,-1.4670596516120562,-1.4670596516120562,1.0
276,1352.5,697.0,1.16237750000073,141.0,-1.4342667931678947,-1.4342667931678947,-1.4342667931678947,1.0
277,1467.1666666666665,1012.0,1.2299211999998079,146.0,-1.946763087367106,-1.946763087367106,-1.946763087367106,1.0
278,1199.3333333333335,533.0,1.134592700000212,138.0,-1.141901188045412,-1.141901188045412,-1.141901188045412,1.0
279,1409.1666666666665,824.0,1.2175282000007428,143.0,-1.6437441630159046,-1.6437441630159046,-1.6437441630159046,1.0
280,954.6666666666667,623.0,1.1433873000005406,140.0,-1.2125147350802332,-1.2125147350802332,-1.2125147350802332,1.0
281,924.6666666666667,672.0,1.1234039000009943,140.0,-1.2791637709783583,-1.2791637709783583,-1.2791637709783583,1.0
282,1289.5,834.0,1.254822700000659,142.0,-1.6263173449287023,-1.6263173449287023,-1.6263173449287023,1.0
283,1416.5,697.0,1.1611252000002423,141.0,-1.4517563176714479,-1.4517563176714479,-1.4517563176714479,1.0
284,1499.5,804.0,1.1672775000006368,143.0,-1.6378799999554752,-1.6378799999554752,-1.6378799999554752,1.0
285,1346.0,767.0,1.1451336999998603,142.0,-1.5394151569200238,-1.5394151569200238,-1.5394151569200238,1.0
286,994.0,664.0,1.1694428999999218,140.0,-1.2858907965904038,-1.2858907965904038,-1.2858907965904038,1.0
287,1023.1666666666666,850.0,1.1626246999985597,143.0,-1.5779753359709607,-1.5779753359709607,-1.5779753359709607,1.0
288,1396.0,791.0,1.2185850999994727,143.0,-1.589738725738832,-1.589738725738832,-1.589738725738832,1.0
289,947.1666666666666,496.0,1.285193600000639,137.0,-1.016473328066984,-1.016473328066984,-1.016473328066984,1.0
290,1020.1666666666666,700.0,1.0735497000005125,141.0,-1.3480312782573114,-1.3480312782573114,-1.3480312782573114,1.0
291,1291.0,897.0,1.2289604999987205,144.0,-1.7229594348853232,-1.7229594348853232,-1.7229594348853232,1.0
292,1113.1666666666665,709.0,1.3189495999995415,141.0,-1.387193197726688,-1.387193197726688,-1.387193197726688,1.0
293,1428.5,824.0,1.3856783999999607,143.0,-1.6490274568763528,-1.6490274568763528,-1.6490274568763528,1.0
294,1179.1666666666665,807.0,1.1751216000011482,142.0,-1.554923770889308,-1.554923770889308,-1.554923770889308,1.0
295,1334.1666666666665,934.0,1.2462018999995053,145.0,-1.791273066406838,-1.791273066406838,-1.791273066406838,1.0
296,1388.5,791.0,1.016269600000669,143.0,-1.5876891720860724,-1.5876891720860724,-1.5876891720860724,1.0
297,1303.0,660.0,1.0576805000000604,140.0,-1.3642224274507173,-1.3642224274507173,-1.3642224274507173,1.0
298,1302.0,787.0,1.0793217999998888,141.0,-1.5579410069908382,-1.5579410069908382,-1.5579410069908382,1.0
299,1378.5,697.0,1.1368796000006114,141.0,-1.4413719124974638,-1.4413719124974638,-1.4413719124974638,1.0
300,1440.5,899.0,1.1665997999989486,144.0,-1.7668688608470415,-1.7668688608470415,-1.7668688608470415,1.0
301,1299.1666666666665,757.0,1.1898144000006141,142.0,-1.511341883915953,-1.511341883915953,-1.511341883915953,1.0
302,1451.5,856.0,1.017419300000256,144.0,-1.7041925918120269,-1.7041925918120269,-1.7041925918120269,1.0
303,1498.5,697.0,1.2368138000001636,141.0,-1.4741647709416246,-1.4741647709416246,-1.4741647709416246,1.0
304,1390.5,697.0,1.0317708999991737,141.0,-1.4446511983418795,-1.4446511983418795,-1.4446511983418795,1.0
305,970.1666666666666,651.0,1.0354824000005465,140.0,-1.2595203367297454,-1.2595203367297454,-1.2595203367297454,1.0
306,1178.5,807.0,1.1023818000012398,142.0,-1.5547415883423945,-1.5547415883423945,-1.5547415883423945,1.0
307,1378.1666666666665,931.0,1.1117143999999826,145.0,-1.7987146297779788,-1.7987146297779788,-1.7987146297779788,1.0
308,1429.3333333333333,917.0,1.1630992000009428,145.0,-1.79131221153657,-1.79131221153657,-1.79131221153657,1.0
309,1488.5,931.0,1.1758269000001746,145.0,-1.8288658412919163,-1.8288658412919163,-1.8288658412919163,1.0
310,1225.5,807.0,1.1098172000001796,143.0,-1.5675854578996915,-1.5675854578996915,-1.5675854578996915,1.0
311,1025.0,646.0,1.21390749999955,140.0,-1.2668673766715064,-1.2668673766715064,-1.2668673766715064,1.0
312,1369.0,787.0,1.2626186999987112,142.0,-1.5762503529554948,-1.5762503529554948,-1.5762503529554948,1.0
313,1042.1666666666665,692.0,1.0147030999996787,141.0,-1.3418233430386055,-1.3418233430386055,-1.3418233430386055,1.0
314,1436.5,749.0,1.194387599998663,142.0,-1.536651529313024,-1.536651529313024,-1.536651529313024,1.0
315,1478.5,804.0,1.2133531999988918,143.0,-1.6321412497277468,-1.6321412497277468,-1.6321412497277468,1.0
316,1391.1666666666665,871.0,1.4452744999998686,144.0,-1.710617494941745,-1.710617494941745,-1.710617494941745,1.0
317,1357.0,697.0,1.3707355000005919,140.0,-1.4354965253595515,-1.4354965253595515,-1.4354965253595515,1.0
318,1390.5,697.0,1.0475925999999163,141.0,-1.4446511983418793,-1.4446511983418793,-1.4446511983418793,1.0
319,1416.5,951.0,1.1263621999987663,145.0,-1.8397400243924247,-1.8397400243924247,-1.8397400243924247,1.0
320,1303.0,660.0,1.1691547999998875,140.0,-1.3642224274507178,-1.3642224274507178,-1.3642224274507178,1.0
321,1255.0,814.0,1.2584252000015113,143.0,-1.5863394999590008,-1.5863394999590008,-1.5863394999590008,1.0
322,1449.5,824.0,1.1578812999996444,143.0,-1.6547662071040798,-1.6547662071040798,-1.6547662071040798,1.0
323,1445.5,824.0,1.1089253999998618,143.0,-1.6536731118226096,-1.6536731118226096,-1.6536731118226096,1.0
324,1403.5,697.0,1.0867189999989932,141.0,-1.4482037580066638,-1.4482037580066638,-1.4482037580066638,1.0
325,1414.0,718.0,1.1326162999994267,141.0,-1.4831505261958835,-1.4831505261958835,-1.4831505261958835,1.0
326,1381.5,697.0,1.1648405000014463,141.0,-1.442191733958567,-1.442191733958567,-1.442191733958567,1.0
327,1395.5,884.0,1.2399607999996078,144.0,-1.731659115305227,-1.731659115305227,-1.731659115305227,1.0
328,1427.5,697.0,1.113833400000658,141.0,-1.454762329695496,-1.454762329695496,-1.454762329695496,1.0
329,1403.5,697.0,1.116706400000112,141.0,-1.4482037580066638,-1.4482037580066638,-1.4482037580066638,1.0
330,1165.3333333333335,717.0,1.146727600000304,142.0,-1.413668941289355,-1.413668941289355,-1.413668941289355,1.0
331,1403.5,749.0,1.156120400000873,142.0,-1.5276334932408797,-1.5276334932408797,-1.5276334932408797,1.0
332,1436.5,824.0,1.1361949000001914,143.0,-1.651213647439297,-1.651213647439297,-1.651213647439297,1.0
333,1436.5,697.0,1.1215594000004785,141.0,-1.4572217940788077,-1.4572217940788077,-1.4572217940788077,1.0
334,1327.3333333333335,620.0,1.1449142000001302,140.0,-1.3097722940789935,-1.3097722940789935,-1.3097722940789935,1.0
335,1403.5,697.0,1.1486165000005712,141.0,-1.4482037580066638,-1.4482037580066638,-1.4482037580066638,1.0
336,1140.1666666666665,772.0,1.158664000000499,142.0,-1.490803770102694,-1.490803770102694,-1.490803770102694,1.0
337,1194.3333333333335,533.0,1.0869709000016883,138.0,-1.1405348189435718,-1.1405348189435718,-1.1405348189435718,1.0
338,1350.1666666666665,697.0,1.1412727999995695,141.0,-1.433629154253703,-1.433629154253703,-1.433629154253703,1.0
339,936.8333333333333,623.0,1.1521589999993012,139.0,-1.207641351950336,-1.207641351950336,-1.207641351950336,1.0
340,1058.1666666666665,735.0,1.12217899999996,141.0,-1.411878005223556,-1.411878005223556,-1.411878005223556,1.0
341,1427.5,697.0,1.1395733000008477,141.0,-1.4547623296954948,-1.4547623296954948,-1.4547623296954948,1.0
342,951.8333333333333,710.0,1.3575627999998687,140.0,-1.3446325162823334,-1.3446325162823334,-1.3446325162823334,1.0
343,1513.1666666666665,944.0,1.0534559999996418,144.0,-1.8554640293362143,-1.8554640293362143,-1.8554640293362143,1.0
344,1391.5,757.0,1.1317951000000903,142.0,-1.5365741666632653,-1.5365741666632653,-1.5365741666632653,1.0
345,1371.8333333333333,795.0,1.0644114999995509,143.0,-1.5892445880466728,-1.5892445880466728,-1.5892445880466728,1.0
346,979.6666666666667,682.0,1.0498749999987922,140.0,-1.3094687801821014,-1.3094687801821014,-1.3094687801821014,1.0
347,1423.5,697.0,1.2200252000002365,141.0,-1.4536692344140238,-1.4536692344140238,-1.4536692344140238,1.0
348,965.0,644.0,1.42480820000128,140.0,-1.2474159576327248,-1.2474159576327248,-1.2474159576327248,1.0
349,1478.5,931.0,1.67695730000014,145.0,-1.8261331030882353,-1.8261331030882353,-1.8261331030882353,1.0
350,1390.0,712.0,1.2185193000004801,141.0,-1.4674269850569501,-1.4674269850569501,-1.4674269850569501,1.0
351,1021.1666666666666,772.0,1.4638953000012407,142.0,-1.4582841854789008,-1.4582841854789008,-1.4582841854789008,1.0
352,1425.5,824.0,1.2647371999992174,143.0,-1.6482076354152475,-1.6482076354152475,-1.6482076354152475,1.0
353,1486.5,931.0,1.2444876000008662,145.0,-1.8283192936511796,-1.8283192936511796,-1.8283192936511796,1.0
354,1100.3333333333335,496.0,1.3701973000006546,138.0,-1.0583297682200177,-1.0583297682200177,-1.0583297682200177,1.0
355,1479.5,917.0,1.2677071999987675,145.0,-1.8050214481916997,-1.8050214481916997,-1.8050214481916997,1.0
356,1499.5,847.0,1.1443816999999399,142.0,-1.7035622810145385,-1.7035622810145385,-1.7035622810145385,1.0
357,1485.1666666666665,931.0,1.1018340999999054,145.0,-1.8279549285573562,-1.8279549285573562,-1.8279549285573562,1.0
358,984.8333333333334,680.0,1.1117595999985497,140.0,-1.3078257051039692,-1.3078257051039692,-1.3078257051039692,1.0
359,1362.0,791.0,1.3779484999995475,143.0,-1.58044741584632,-1.58044741584632,-1.58044741584632,1.0
360,1508.4999999999998,957.0,1.148021200000585,144.0,-1.874046185316385,-1.874046185316385,-1.874046185316385,1.0
361,1442.1666666666665,780.0,1.178605900000548,143.0,-1.585552423120635,-1.585552423120635,-1.585552423120635,1.0
362,972.1666666666666,623.0,1.1778209999993123,139.0,-1.2172970269366732,-1.2172970269366732,-1.2172970269366732,1.0
363,1413.5,809.0,1.0921606000010797,143.0,-1.622015925945578,-1.622015925945578,-1.622015925945578,1.0
364,975.3333333333333,646.0,1.0499431000007462,139.0,-1.2532947769265617,-1.2532947769265617,-1.2532947769265617,1.0
365,1282.0,660.0,1.0904410999992251,140.0,-1.3584836772229893,-1.3584836772229893,-1.3584836772229893,1.0
366,1171.1666666666665,582.0,1.0827442000008887,139.0,-1.2090512259475439,-1.2090512259475439,-1.2090512259475439,1.0
367,1147.0,710.0,1.188969900000302,141.0,-1.3979664568908237,-1.3979664568908237,-1.3979664568908237,1.0
368,1427.5,824.0,1.1993636000006518,143.0,-1.6487541830559842,-1.6487541830559842,-1.6487541830559842,1.0
369,1380.5,859.0,1.269513499999448,144.0,-1.6893726352909488,-1.6893726352909488,-1.6893726352909488,1.0
370,1255.0,660.0,1.2957200999990164,139.0,-1.351105284073053,-1.351105284073053,-1.351105284073053,1.0
371,1396.3333333333335,885.0,1.2627410999994026,144.0,-1.7334143383972165,-1.7334143383972165,-1.7334143383972165,1.0
372,1001.6666666666667,706.0,1.1954416999997193,141.0,-1.352140682030605,-1.352140682030605,-1.352140682030605,1.0
373,1015.3333333333334,590.0,1.174117299999125,140.0,-1.178686014873665,-1.178686014873665,-1.178686014873665,1.0
374,1143.1666666666665,709.0,1.2336883999996644,141.0,-1.3953914123377291,-1.3953914123377291,-1.3953914123377291,1.0
375,1416.5,697.0,1.3084741000002396,141.0,-1.451756317671448,-1.451756317671448,-1.451756317671448,1.0
376,1085.0,496.0,1.4236669000001712,138.0,-1.0541395696410412,-1.0541395696410412,-1.0541395696410412,1.0
377,1149.1666666666665,582.0,1.1895903999993607,139.0,-1.2030392018994476,-1.2030392018994476,-1.2030392018994476,1.0
378,1369.5,749.0,1.0239377000016248,142.0,-1.5183421833483666,-1.5183421833483666,-1.5183421833483666,1.0
379,1415.5,697.0,1.04690539999865,141.0,-1.4514830438510797,-1.4514830438510797,-1.4514830438510797,1.0
380,1421.5,697.0,1.064931599999909,141.0,-1.453122686773288,-1.453122686773288,-1.453122686773288,1.0
381,1086.5,774.0,1.0501600000006874,142.0,-1.479193064892978,-1.479193064892978,-1.479193064892978,1.0
382,1066.1666666666665,773.0,1.1584473999992042,142.0,-1.4721090023038115,-1.4721090023038115,-1.4721090023038115,1.0
383,1402.0,825.0,1.178761499999382,143.0,-1.64331319554495,-1.64331319554495,-1.64331319554495,1.0
384,1338.0,859.0,1.5002444999990985,144.0,-1.6777584979253084,-1.6777584979253084,-1.6777584979253084,1.0
385,991.6666666666667,496.0,1.0505680999995093,137.0,-1.0286340130733609,-1.0286340130733609,-1.0286340130733609,1.0
386,1380.5,804.0,1.0812124999993102,143.0,-1.6053604153316825,-1.6053604153316825,-1.6053604153316825,1.0
387,1074.6666666666667,543.0,1.005268699998851,139.0,-1.1231080008563694,-1.1231080008563694,-1.1231080008563694,1.0
388,1394.0,770.0,1.0329739000007976,142.0,-1.5571147850227391,-1.5571147850227391,-1.5571147850227391,1.0
389,1453.3333333333335,1014.0,1.2057442000004812,147.0,-1.9460377893353829,-1.9460377893353829,-1.9460377893353829,1.0
390,1521.0,947.0,1.2094053999990138,144.0,-1.8621871589874806,-1.8621871589874806,-1.8621871589874806,1.0
391,1433.3333333333335,885.0,1.1468588999996427,143.0,-1.7435254697508338,-1.7435254697508338,-1.7435254697508338,1.0
392,1403.5,697.0,1.218372299999828,141.0,-1.4482037580066638,-1.4482037580066638,-1.4482037580066638,1.0
393,1350.3333333333335,756.0,1.110148499999923,141.0,-1.5237968994830988,-1.5237968994830988,-1.5237968994830988,1.0
394,1403.1666666666665,939.0,1.1409306000005017,146.0,-1.817766434553982,-1.817766434553982,-1.817766434553982,1.0
395,1470.5,856.0,1.158655400000498,144.0,-1.7093847943990186,-1.7093847943990186,-1.7093847943990186,1.0
396,979.6666666666667,646.0,1.1429299999999785,139.0,-1.2544789634814901,-1.2544789634814901,-1.2544789634814901,1.0
397,962.8333333333333,773.0,1.2524647999998706,142.0,-1.4438707075324502,-1.4438707075324502,-1.4438707075324502,1.0
398,1365.3333333333335,747.0,1.1252764000000752,142.0,-1.514148552613466,-1.514148552613466,-1.514148552613466,1.0
399,1344.0,787.0,1.1499257999985275,140.0,-1.569418507446294,-1.569418507446294,-1.569418507446294,1.0
400,1431.5,697.0,1.1196541000008438,141.0,-1.4558554249769675,-1.4558554249769675,-1.4558554249769675,1.0
401,1390.5,697.0,1.1087169000002177,141.0,-1.4446511983418795,-1.4446511983418795,-1.4446511983418795,1.0
402,1338.0,770.0,1.1123109999989538,142.0,-1.5418114510821308,-1.5418114510821308,-1.5418114510821308,1.0
403,1400.5,809.0,1.1665069999999105,143.0,-1.618463366280793,-1.618463366280793,-1.618463366280793,1.0
404,1068.0,623.0,1.1139937999996619,140.0,-1.2434857680552733,-1.2434857680552733,-1.2434857680552733,1.0
405,1388.5,884.0,1.1434224000004178,144.0,-1.7297461985626505,-1.7297461985626505,-1.7297461985626505,1.0
406,1326.0,660.0,1.1330526000001555,140.0,-1.370507725319182,-1.370507725319182,-1.370507725319182,1.0
407,1472.5,856.0,1.1619580999995378,144.0,-1.7099313420397555,-1.7099313420397555,-1.7099313420397555,1.0
408,1122.1666666666665,848.0,1.1593214999993506,144.0,-1.601974454370692,-1.601974454370692,-1.601974454370692,1.0
409,1049.1666666666665,788.0,1.1981054000007134,143.0,-1.4903757709828098,-1.4903757709828098,-1.4903757709828098,1.0
410,1268.0,660.0,1.1167824999993172,140.0,-1.354657843737838,-1.354657843737838,-1.354657843737838,1.0
411,1078.8333333333333,829.0,1.1448263999991468,143.0,-1.5611101855627574,-1.5611101855627574,-1.5611101855627574,1.0
412,1403.5,697.0,1.119912000000113,141.0,-1.4482037580066638,-1.4482037580066638,-1.4482037580066638,1.0
413,1130.1666666666667,709.0,1.1537106999985554,141.0,-1.3918388526729444,-1.3918388526729444,-1.3918388526729444,1.0
414,1505.5,931.0,1.3557074000000284,145.0,-1.833511496238172,-1.833511496238172,-1.833511496238172,1.0
415,1138.1666666666665,582.0,1.2608555999995588,138.0,-1.2000331898753998,-1.2000331898753998,-1.2000331898753998,1.0
416,1330.1666666666665,697.0,0.9969421999994665,141.0,-1.4281636778463422,-1.4281636778463422,-1.4281636778463422,1.0
417,1281.0,660.0,1.1917580000008456,140.0,-1.3582104034026212,-1.3582104034026212,-1.3582104034026212,1.0
418,1427.1666666666665,845.0,1.2362754000005225,143.0,-1.6807404848578849,-1.6807404848578849,-1.6807404848578849,1.0
419,1451.5,757.0,0.9893840999993699,141.0,-1.5529705958853468,-1.5529705958853468,-1.5529705958853468,1.0
420,966.0,533.0,0.9995116000009148,139.0,-1.0781372966262093,-1.0781372966262093,-1.0781372966262093,1.0
421,1064.0,681.0,1.0364974000003713,141.0,-1.3309873774581193,-1.3309873774581193,-1.3309873774581193,1.0
422,1438.5,791.0,1.0998856000005617,143.0,-1.6013528631044731,-1.6013528631044731,-1.6013528631044731,1.0
423,1389.1666666666665,757.0,1.2674521999997523,142.0,-1.535936527749074,-1.535936527749074,-1.535936527749074,1.0
424,1488.5,804.0,1.1647941999999603,143.0,-1.6348739879314278,-1.6348739879314278,-1.6348739879314278,1.0
425,958.0,676.0,1.1378031999993254,141.0,-1.2943828779573585,-1.2943828779573585,-1.2943828779573585,1.0
426,1018.6666666666667,808.0,1.1249076000003697,143.0,-1.512590817628592,-1.512590817628592,-1.512590817628592,1.0
427,1309.0,787.0,1.243109099999856,140.0,-1.5598539237334141,-1.5598539237334141,-1.5598539237334141,1.0
428,1416.5,697.0,1.1609639999987849,141.0,-1.4517563176714472,-1.4517563176714472,-1.4517563176714472,1.0
429,1437.5,824.0,1.109496000000945,143.0,-1.6514869212596648,-1.6514869212596648,-1.6514869212596648,1.0
430,1382.5,697.0,1.1114176999999472,141.0,-1.4424650077789352,-1.4424650077789352,-1.4424650077789352,1.0
431,1424.5,697.0,1.102115400000912,141.0,-1.4539425082343918,-1.4539425082343918,-1.4539425082343918,1.0
432,1478.5,864.0,1.142365499999869,144.0,-1.7237909442287647,-1.7237909442287647,-1.7237909442287647,1.0
433,1268.0,660.0,1.1026231999985612,140.0,-1.3546578437378376,-1.3546578437378376,-1.3546578437378376,1.0
434,1434.5,824.0,1.1673069000007672,143.0,-1.65066709979856,-1.65066709979856,-1.65066709979856,1.0
435,1277.0,660.0,1.1196603999997023,140.0,-1.357117308121149,-1.357117308121149,-1.357117308121149,1.0
436,1365.3333333333335,747.0,1.1716646999993827,142.0,-1.5141485526134666,-1.5141485526134666,-1.5141485526134666,1.0
437,1091.3333333333335,496.0,1.2282254999990982,138.0,-1.0558703038367054,-1.0558703038367054,-1.0558703038367054,1.0
438,997.8333333333333,705.0,1.1851216000013665,141.0,-1.3495656374775096,-1.3495656374775096,-1.3495656374775096,1.0
439,1429.5,824.0,1.1670936999998958,143.0,-1.6493007306967207,-1.6493007306967207,-1.6493007306967207,1.0
440,1071.1666666666665,709.0,1.1341521000013017,141.0,-1.3757156972712326,-1.3757156972712326,-1.3757156972712326,1.0
441,1435.5,697.0,1.2084986999998364,141.0,-1.45694852025844,-1.45694852025844,-1.45694852025844,1.0
442,1416.5,697.0,1.226259699998991,140.0,-1.4517563176714479,-1.4517563176714479,-1.4517563176714479,1.0
443,1123.5,779.0,1.1945246000013867,143.0,-1.4969416707883463,-1.4969416707883463,-1.4969416707883463,1.0
444,1189.1666666666665,709.0,1.1765530000011495,141.0,-1.4079620080746569,-1.4079620080746569,-1.4079620080746569,1.0
445,1108.0,666.0,1.2261734000003344,141.0,-1.3200990019290573,-1.3200990019290573,-1.3200990019290573,1.0
446,1427.8333333333333,795.0,1.1332891999991261,142.0,-1.604547921987281,-1.604547921987281,-1.604547921987281,1.0
447,1427.5,697.0,1.127481199999238,141.0,-1.4547623296954955,-1.4547623296954955,-1.4547623296954955,1.0
448,1460.1666666666665,824.0,1.1400584999992134,143.0,-1.6576811278546728,-1.6576811278546728,-1.6576811278546728,1.0
449,1081.0,556.0,1.11384949999956,139.0,-1.1446961688605874,-1.1446961688605874,-1.1446961688605874,1.0
450,996.1666666666666,659.0,1.241470400000253,140.0,-1.2788454153261166,-1.2788454153261166,-1.2788454153261166,1.0
451,1045.1666666666667,604.0,1.1386298999987048,139.0,-1.208223612564882,-1.208223612564882,-1.208223612564882,1.0
452,1328.5,824.0,1.1450451999990037,143.0,-1.6217000748395505,-1.6217000748395505,-1.6217000748395505,1.0
453,1435.5,697.0,1.1864361999996618,141.0,-1.4569485202584398,-1.4569485202584398,-1.4569485202584398,1.0
454,1015.1666666666666,819.0,1.193113400000584,143.0,-1.5284368032491578,-1.5284368032491578,-1.5284368032491578,1.0
455,1342.8333333333335,747.0,1.170238700000482,142.0,-1.5079998916551856,-1.5079998916551856,-1.5079998916551856,1.0
456,1162.0,623.0,1.277930499998547,140.0,-1.2691735071698662,-1.2691735071698662,-1.2691735071698662,1.0
457,1363.1666666666665,847.0,1.141948800001046,144.0,-1.6663059501710322,-1.6663059501710322,-1.6663059501710322,1.0
458,1387.5,824.0,1.1325649000009435,143.0,-1.6378232302412645,-1.6378232302412645,-1.6378232302412645,1.0
459,1348.0,697.0,1.1358146999991732,140.0,-1.433037060976239,-1.433037060976239,-1.433037060976239,1.0
460,1376.9999999999998,835.0,1.125445400000899,143.0,-1.6517562991192538,-1.6517562991192538,-1.6517562991192538,1.0
461,1003.1666666666666,517.0,1.1367682999989484,138.0,-1.0638540550829487,-1.0638540550829487,-1.0638540550829487,1.0
462,1003.1666666666666,748.0,1.233761500001492,141.0,-1.4167053789118689,-1.4167053789118689,-1.4167053789118689,1.0
463,1226.0,620.0,1.1367115000011836,140.0,-1.282080546948368,-1.282080546948368,-1.282080546948368,1.0
464,1390.1666666666665,845.0,1.2574234000003344,142.0,-1.6706293535042687,-1.6706293535042687,-1.6706293535042687,1.0
465,1443.0,804.0,1.197120000000723,143.0,-1.622440029104683,-1.622440029104683,-1.622440029104683,1.0
466,1436.5,697.0,1.203451400000631,141.0,-1.4572217940788075,-1.4572217940788075,-1.4572217940788075,1.0
467,1449.5,824.0,1.1524527999990823,143.0,-1.65476620710408,-1.65476620710408,-1.65476620710408,1.0
468,1135.1666666666665,709.0,1.1803799999997864,141.0,-1.3932052217747835,-1.3932052217747835,-1.3932052217747835,1.0
469,1427.5,697.0,1.139199200000803,141.0,-1.4547623296954952,-1.4547623296954952,-1.4547623296954952,1.0
470,1078.1666666666665,975.0,1.1794241999996302,145.0,-1.7839422596349894,-1.7839422596349894,-1.7839422596349894,1.0
471,1058.1666666666665,709.0,1.1514102000001003,140.0,-1.372163137606448,-1.372163137606448,-1.372163137606448,1.0
472,1390.5,697.0,1.1241852999992261,141.0,-1.4446511983418793,-1.4446511983418793,-1.4446511983418793,1.0
473,1045.1666666666665,866.0,1.2363418999993883,143.0,-1.6084272785526619,-1.6084272785526619,-1.6084272785526619,1.0
474,1379.5,824.0,1.2262721999995847,142.0,-1.63563703967832,-1.63563703967832,-1.63563703967832,1.0
475,1155.1666666666665,601.0,1.0905590999991546,137.0,-1.2337012480803122,-1.2337012480803122,-1.2337012480803122,1.0
476,1040.1666666666665,582.0,1.161444900000788,139.0,-1.1732523554793353,-1.1732523554793353,-1.1732523554793353,1.0
477,1362.1666666666665,810.0,1.0932727999988856,141.0,-1.6095153647417035,-1.6095153647417035,-1.6095153647417035,1.0
478,1161.8333333333335,893.0,1.15594720000081,144.0,-1.6815515867877215,-1.6815515867877215,-1.6815515867877215,1.0
479,1229.1666666666665,854.0,1.1534293999993679,144.0,-1.6403797226001715,-1.6403797226001715,-1.6403797226001715,1.0
480,1382.5,697.0,1.4377192000010837,141.0,-1.4424650077789347,-1.4424650077789347,-1.4424650077789347,1.0
481,1380.5,697.0,1.0204814999997325,141.0,-1.4419184601381996,-1.4419184601381996,-1.4419184601381996,1.0
482,1421.5,824.0,0.9714653999999427,143.0,-1.6471145401337766,-1.6471145401337766,-1.6471145401337766,1.0
483,1003.1666666666666,623.0,0.9979963999994652,139.0,-1.2257685153680808,-1.2257685153680808,-1.2257685153680808,1.0
484,1339.1666666666665,824.0,1.0694477000015468,143.0,-1.6246149955901446,-1.6246149955901446,-1.6246149955901446,1.0
485,1491.4999999999998,931.0,1.0894714999994903,145.0,-1.8296856627530202,-1.8296856627530202,-1.8296856627530202,1.0
486,1369.5,697.0,1.0472936999995,141.0,-1.4389124481141506,-1.4389124481141506,-1.4389124481141506,1.0
487,1088.1666666666665,582.0,1.1449754999994184,139.0,-1.1863694988570002,-1.1863694988570002,-1.1863694988570002,1.0
488,1038.1666666666665,773.0,1.349338699999862,141.0,-1.464457335333507,-1.464457335333507,-1.464457335333507,1.0
489,1445.5,824.0,0.9277397000005294,143.0,-1.6536731118226087,-1.6536731118226087,-1.6536731118226087,1.0
490,1038.3333333333335,736.0,1.00007800000094,141.0,-1.4079855693612744,-1.4079855693612744,-1.4079855693612744,1.0
491,1223.3333333333335,620.0,1.448866500000804,140.0,-1.2813518167607203,-1.2813518167607203,-1.2813518167607203,1.0
492,922.6666666666667,644.0,1.0538132000001497,140.0,-1.2358473659038132,-1.2358473659038132,-1.2358473659038132,1.0
493,1103.1666666666665,788.0,1.010437799999636,143.0,-1.5051325572826824,-1.5051325572826824,-1.5051325572826824,1.0
494,1030.3333333333335,654.0,1.0292921000000206,141.0,-1.2805447963136054,-1.2805447963136054,-1.2805447963136054,1.0
495,1376.5,824.0,1.0203156999996281,142.0,-1.6348172182172154,-1.6348172182172154,-1.6348172182172154,1.0
496,1426.1666666666665,824.0,1.1013825999998517,143.0,-1.6483898179621599,-1.6483898179621599,-1.6483898179621599,1.0
497,1325.0,787.0,1.0992160000005242,142.0,-1.5642263048593021,-1.5642263048593021,-1.5642263048593021,1.0
498,1472.5,856.0,1.145597099999577,144.0,-1.7099313420397555,-1.7099313420397555,-1.7099313420397555,1.0
499,1389.1666666666665,697.0,1.1227498999996897,141.0,-1.4442868332480556,-1.4442868332480556,-1.4442868332480556,1.0
500,1366.5,824.0,1.1777170000004844,143.0,-1.6320844800135352,-1.6320844800135352,-1.6320844800135352,1.0
